stime,dtime,proto,dip,dport,sip,sport,uplink_length,downlink_length,day,siptype,siplevel,sip_id,diptype,diplevel,dip_id
2017-11-09 09:01:25,2017-11-09 09:01:35,sftp,10.50.50.28,22,10.64.105.153,1808,4065,7163,2017-11-09,development3,4,1308,0,0,0
2017-11-09 09:01:45,2017-11-09 09:01:55,sftp,10.50.50.28,22,10.64.105.153,1808,7673,180007019,2017-11-09,development3,4,1308,0,0,0
2017-11-09 09:01:55,2017-11-09 09:02:05,sftp,10.50.50.28,22,10.64.105.153,1808,60003894,2657,2017-11-09,development3,4,1308,0,0,0
2017-11-09 09:35:04,2017-11-09 09:35:14,mongodb,10.50.50.26,8005,10.64.105.153,1808,3366,4796,2017-11-09,development3,4,1308,0,0,0
2017-11-09 10:14:57,2017-11-09 10:15:09,http,10.63.120.70,443,10.64.105.153,1809,23781,2626783,2017-11-09,development3,4,1308,0,0,0
2017-11-09 10:15:09,2017-11-09 10:15:49,http,10.63.120.70,443,10.64.105.153,1822,364,13389,2017-11-09,development3,4,1308,0,0,0
2017-11-09 10:15:23,2017-11-09 10:15:40,http,10.63.120.70,443,10.64.105.153,1818,379,790766,2017-11-09,development3,4,1308,0,0,0
2017-11-09 10:15:38,2017-11-09 10:15:50,http,10.63.120.70,443,10.64.105.153,1811,4,22875,2017-11-09,development3,4,1308,0,0,0
2017-11-09 10:16:04,2017-11-09 10:16:10,http,10.63.120.70,443,10.64.105.153,1817,7036,3334274,2017-11-09,development3,4,1308,0,0,0
2017-11-09 10:56:45,2017-11-09 10:56:55,mysql,10.7.133.15,4443,10.64.105.153,1827,5363,150000252,2017-11-09,development3,4,1308,0,0,0
2017-11-09 10:56:45,2017-11-09 10:56:55,mysql,10.7.133.15,4443,10.64.105.153,1827,902,1776,2017-11-09,development3,4,1308,0,0,0
2017-11-09 10:56:55,2017-11-09 10:57:05,mysql,10.7.133.15,4443,10.64.105.153,1827,9945,90001879,2017-11-09,development3,4,1308,0,0,0
2017-11-09 10:57:05,2017-11-09 10:57:15,mysql,10.7.133.15,4443,10.64.105.153,1827,6724,30003120,2017-11-09,development3,4,1308,0,0,0
2017-11-09 11:02:08,2017-11-09 11:02:11,http,140.211.11.105,443,10.64.105.153,2133,20777,1324207,2017-11-09,development3,4,1308,0,0,0
2017-11-09 11:02:11,2017-11-09 11:03:10,http,140.211.11.105,443,10.64.105.153,2174,7,266887,2017-11-09,development3,4,1308,0,0,0
2017-11-09 11:03:12,2017-11-09 11:03:59,http,140.211.11.105,443,10.64.105.153,2208,5450,341226,2017-11-09,development3,4,1308,0,0,0
2017-11-09 11:08:14,2017-11-09 11:08:26,http,10.5.71.60,443,10.64.105.153,1961,668,1995,2017-11-09,development3,4,1308,0,0,0
2017-11-09 11:28:40,2017-11-09 11:28:50,mongodb,10.50.50.29,8005,10.64.105.153,1827,1326,9304,2017-11-09,development3,4,1308,0,0,0
2017-11-09 11:31:48,2017-11-09 11:32:02,http,10.63.120.70,443,10.64.105.153,2255,43,2284242,2017-11-09,development3,4,1308,0,0,0
2017-11-09 11:31:56,2017-11-09 11:32:23,http,10.63.120.70,443,10.64.105.153,2295,51740,224571,2017-11-09,development3,4,1308,0,0,0
2017-11-09 11:32:38,2017-11-09 11:32:54,http,10.63.120.70,443,10.64.105.153,2276,10,236600,2017-11-09,development3,4,1308,0,0,0
2017-11-09 11:33:33,2017-11-09 11:34:13,http,10.63.120.70,443,10.64.105.153,2288,1993,3208035,2017-11-09,development3,4,1308,0,0,0
2017-11-09 11:34:17,2017-11-09 11:35:07,http,10.63.120.70,443,10.64.105.153,2298,9325,5361378,2017-11-09,development3,4,1308,0,0,0
2017-11-09 11:38:12,2017-11-09 11:38:55,http,10.5.71.60,443,10.64.105.153,1832,48948,941784,2017-11-09,development3,4,1308,0,0,0
2017-11-09 11:38:55,2017-11-09 11:39:36,http,10.5.71.60,443,10.64.105.153,1856,4795,891404,2017-11-09,development3,4,1308,0,0,0
2017-11-09 11:39:38,2017-11-09 11:40:11,http,10.5.71.60,443,10.64.105.153,1915,100,845798,2017-11-09,development3,4,1308,0,0,0
2017-11-09 11:40:12,2017-11-09 11:40:39,http,10.5.71.60,443,10.64.105.153,1890,336,391125,2017-11-09,development3,4,1308,0,0,0
2017-11-09 11:41:59,2017-11-09 11:42:35,http,10.5.71.60,443,10.64.105.153,1941,26729,75453,2017-11-09,development3,4,1308,0,0,0
2017-11-09 11:46:31,2017-11-09 11:46:34,http,10.50.50.27,443,10.64.105.153,2054,40569,436797,2017-11-09,development3,4,1308,0,0,0
2017-11-09 11:46:45,2017-11-09 11:47:43,http,10.50.50.27,443,10.64.105.153,2065,5096,876677,2017-11-09,development3,4,1308,0,0,0
2017-11-09 11:47:10,2017-11-09 11:48:10,http,10.50.50.27,443,10.64.105.153,2108,75,1056075,2017-11-09,development3,4,1308,0,0,0
2017-11-09 11:47:29,2017-11-09 11:48:15,http,10.50.50.27,443,10.64.105.153,2064,20301,222274,2017-11-09,development3,4,1308,0,0,0
2017-11-09 11:48:31,2017-11-09 11:49:16,http,10.50.50.27,443,10.64.105.153,2087,869,1564,2017-11-09,development3,4,1308,0,0,0
2017-11-09 11:49:27,2017-11-09 11:50:12,http,10.50.50.27,443,10.64.105.153,2082,839,912212,2017-11-09,development3,4,1308,0,0,0
2017-11-09 11:50:12,2017-11-09 11:50:44,http,10.50.50.27,443,10.64.105.153,2114,5862,3020244,2017-11-09,development3,4,1308,0,0,0
2017-11-09 12:08:21,2017-11-09 12:08:38,http,122.228.250.89,443,10.64.105.153,1965,52,31497,2017-11-09,development3,4,1308,0,0,0
2017-11-09 12:09:01,2017-11-09 12:09:51,http,122.228.250.89,443,10.64.105.153,2013,91930,3317883,2017-11-09,development3,4,1308,0,0,0
2017-11-09 12:09:09,2017-11-09 12:10:02,http,122.228.250.89,443,10.64.105.153,1967,4214,1408763,2017-11-09,development3,4,1308,0,0,0
2017-11-09 12:09:20,2017-11-09 12:09:30,mysql,10.50.50.26,4443,10.64.105.153,1827,4362,8575,2017-11-09,development3,4,1308,0,0,0
2017-11-09 12:09:30,2017-11-09 12:09:40,mysql,10.50.50.26,4443,10.64.105.153,1827,210009202,1707,2017-11-09,development3,4,1308,0,0,0
2017-11-09 12:10:16,2017-11-09 12:10:25,http,122.228.250.89,443,10.64.105.153,2044,10662,4330961,2017-11-09,development3,4,1308,0,0,0
2017-11-09 12:11:41,2017-11-09 12:11:51,ftp,10.50.50.37,21,10.64.105.153,1827,210005991,6761,2017-11-09,development3,4,1308,0,0,0
2017-11-09 12:11:41,2017-11-09 12:11:51,ftp,10.50.50.37,21,10.64.105.153,1827,3017,6079,2017-11-09,development3,4,1308,0,0,0
2017-11-09 12:34:06,2017-11-09 12:35:01,http,140.211.11.105,443,10.64.105.153,2307,1925,1609268,2017-11-09,development3,4,1308,0,0,0
2017-11-09 12:34:14,2017-11-09 12:34:48,http,140.211.11.105,443,10.64.105.153,2311,36,537184,2017-11-09,development3,4,1308,0,0,0
2017-11-09 12:34:57,2017-11-09 12:35:52,http,140.211.11.105,443,10.64.105.153,2347,102,54709,2017-11-09,development3,4,1308,0,0,0
2017-11-09 12:35:01,2017-11-09 12:35:53,http,140.211.11.105,443,10.64.105.153,2329,239,1796971,2017-11-09,development3,4,1308,0,0,0
2017-11-09 12:36:42,2017-11-09 12:36:56,http,140.211.11.105,443,10.64.105.153,2340,6331,4964826,2017-11-09,development3,4,1308,0,0,0
2017-11-09 13:08:55,2017-11-09 13:09:47,http,10.50.50.29,443,10.64.105.153,2380,16557,1672181,2017-11-09,development3,4,1308,0,0,0
2017-11-09 13:09:05,2017-11-09 13:09:43,http,10.50.50.29,443,10.64.105.153,2459,87,1209992,2017-11-09,development3,4,1308,0,0,0
2017-11-09 13:09:09,2017-11-09 13:09:50,http,10.50.50.29,443,10.64.105.153,2447,28318,76542,2017-11-09,development3,4,1308,0,0,0
2017-11-09 13:09:28,2017-11-09 13:09:40,http,10.50.50.29,443,10.64.105.153,2381,17091,209082,2017-11-09,development3,4,1308,0,0,0
2017-11-09 13:10:23,2017-11-09 13:10:44,http,10.50.50.29,443,10.64.105.153,2436,821,6985525,2017-11-09,development3,4,1308,0,0,0
2017-11-09 13:10:44,2017-11-09 13:11:28,http,10.50.50.29,443,10.64.105.153,2407,5290,8025,2017-11-09,development3,4,1308,0,0,0
2017-11-09 13:11:12,2017-11-09 13:11:40,http,10.50.50.29,443,10.64.105.153,2438,5405,6734873,2017-11-09,development3,4,1308,0,0,0
2017-11-09 13:11:55,2017-11-09 13:12:36,http,10.50.50.29,443,10.64.105.153,2423,610,175129,2017-11-09,development3,4,1308,0,0,0
2017-11-09 13:50:22,2017-11-09 13:51:22,http,10.50.50.40,80,10.64.105.153,3931,57838,3359985,2017-11-09,development3,4,1308,0,0,0
2017-11-09 13:50:40,2017-11-09 13:51:24,http,10.50.50.40,80,10.64.105.153,3933,1154,5865716,2017-11-09,development3,4,1308,0,0,0
2017-11-09 13:50:45,2017-11-09 13:51:25,http,10.50.50.28,443,10.64.105.153,3346,12801,51103,2017-11-09,development3,4,1308,0,0,0
2017-11-09 13:50:53,2017-11-09 13:51:32,http,10.50.50.28,443,10.64.105.153,3426,2970,913427,2017-11-09,development3,4,1308,0,0,0
2017-11-09 13:51:04,2017-11-09 13:51:25,http,10.50.50.28,443,10.64.105.153,3374,6320,2586782,2017-11-09,development3,4,1308,0,0,0
2017-11-09 13:51:56,2017-11-09 13:52:08,http,10.50.50.40,80,10.64.105.153,3949,1018,4873568,2017-11-09,development3,4,1308,0,0,0
2017-11-09 13:51:59,2017-11-09 13:52:44,http,10.50.50.28,443,10.64.105.153,3394,14448,76557,2017-11-09,development3,4,1308,0,0,0
2017-11-09 13:52:05,2017-11-09 13:52:59,http,10.50.50.28,443,10.64.105.153,3417,21762,573766,2017-11-09,development3,4,1308,0,0,0
2017-11-09 13:52:26,2017-11-09 13:52:57,http,10.50.50.40,80,10.64.105.153,3957,10930,1195272,2017-11-09,development3,4,1308,0,0,0
2017-11-09 13:54:33,2017-11-09 13:54:43,sftp,10.7.133.15,22,10.64.105.153,2469,2685,90002805,2017-11-09,development3,4,1308,0,0,0
2017-11-09 13:54:43,2017-11-09 13:54:53,sftp,10.7.133.15,22,10.64.105.153,2469,4953,30000737,2017-11-09,development3,4,1308,0,0,0
2017-11-09 13:58:08,2017-11-09 13:58:18,mongodb,10.50.50.26,8005,10.64.105.153,2469,8028,180000081,2017-11-09,development3,4,1308,0,0,0
2017-11-09 14:15:56,2017-11-09 14:16:06,mysql,10.50.50.26,4443,10.64.105.153,2469,90001057,4584,2017-11-09,development3,4,1308,0,0,0
2017-11-09 14:16:06,2017-11-09 14:16:16,mysql,10.50.50.26,4443,10.64.105.153,2469,7433,90006700,2017-11-09,development3,4,1308,0,0,0
2017-11-09 14:16:16,2017-11-09 14:16:26,mysql,10.50.50.26,4443,10.64.105.153,2469,30002739,8521,2017-11-09,development3,4,1308,0,0,0
2017-11-09 14:29:11,2017-11-09 14:29:56,http,140.211.11.105,443,10.64.105.153,3139,6300,2099656,2017-11-09,development3,4,1308,0,0,0
2017-11-09 14:29:22,2017-11-09 14:29:27,http,140.211.11.105,443,10.64.105.153,3150,262,63266,2017-11-09,development3,4,1308,0,0,0
2017-11-09 14:29:51,2017-11-09 14:30:44,http,140.211.11.105,443,10.64.105.153,3176,81560,931335,2017-11-09,development3,4,1308,0,0,0
2017-11-09 14:30:13,2017-11-09 14:30:39,http,140.211.11.105,443,10.64.105.153,3153,12805,5720067,2017-11-09,development3,4,1308,0,0,0
2017-11-09 14:31:22,2017-11-09 14:31:27,http,140.211.11.105,443,10.64.105.153,3194,52784,19746,2017-11-09,development3,4,1308,0,0,0
2017-11-09 14:32:59,2017-11-09 14:33:31,http,140.211.11.105,443,10.64.105.153,3213,76,3842831,2017-11-09,development3,4,1308,0,0,0
2017-11-09 14:41:55,2017-11-09 14:42:29,http,10.50.50.40,80,10.64.105.153,2848,59868,54521,2017-11-09,development3,4,1308,0,0,0
2017-11-09 14:42:01,2017-11-09 14:42:30,http,10.50.50.40,80,10.64.105.153,2858,354,52627,2017-11-09,development3,4,1308,0,0,0
2017-11-09 14:42:11,2017-11-09 14:42:45,http,10.50.50.40,80,10.64.105.153,2851,2310,7774678,2017-11-09,development3,4,1308,0,0,0
2017-11-09 14:43:08,2017-11-09 14:43:46,http,10.50.50.40,80,10.64.105.153,2863,1009,2270416,2017-11-09,development3,4,1308,0,0,0
2017-11-09 14:45:42,2017-11-09 14:46:38,http,10.50.50.40,80,10.64.105.153,2894,82521,7484782,2017-11-09,development3,4,1308,0,0,0
2017-11-09 14:46:50,2017-11-09 14:46:57,http,10.50.50.40,80,10.64.105.153,2903,1658,3215557,2017-11-09,development3,4,1308,0,0,0
2017-11-09 15:00:49,2017-11-09 15:00:55,http,10.50.50.40,80,10.64.105.153,3011,2081,1373975,2017-11-09,development3,4,1308,0,0,0
2017-11-09 15:01:21,2017-11-09 15:02:08,http,10.50.50.40,80,10.64.105.153,3016,4,70810,2017-11-09,development3,4,1308,0,0,0
2017-11-09 15:02:16,2017-11-09 15:03:12,http,10.50.50.40,80,10.64.105.153,3041,146,3229,2017-11-09,development3,4,1308,0,0,0
2017-11-09 15:02:21,2017-11-09 15:03:04,http,10.50.50.40,80,10.64.105.153,3023,3045,571606,2017-11-09,development3,4,1308,0,0,0
2017-11-09 15:02:29,2017-11-09 15:03:06,http,10.50.50.40,80,10.64.105.153,3120,28203,2691584,2017-11-09,development3,4,1308,0,0,0
2017-11-09 15:02:39,2017-11-09 15:03:34,http,10.50.50.40,80,10.64.105.153,3068,0,285716,2017-11-09,development3,4,1308,0,0,0
2017-11-09 15:04:58,2017-11-09 15:05:52,http,10.50.50.40,80,10.64.105.153,3073,84,8362,2017-11-09,development3,4,1308,0,0,0
2017-11-09 15:06:31,2017-11-09 15:06:52,http,10.50.50.40,80,10.64.105.153,3110,64664,2530427,2017-11-09,development3,4,1308,0,0,0
2017-11-09 15:10:10,2017-11-09 15:10:20,mongodb,10.7.133.15,8005,10.64.105.153,2469,60008769,7920,2017-11-09,development3,4,1308,0,0,0
2017-11-09 15:10:20,2017-11-09 15:10:30,mongodb,10.7.133.15,8005,10.64.105.153,2469,5285,120005107,2017-11-09,development3,4,1308,0,0,0
2017-11-09 15:26:17,2017-11-09 15:26:20,http,10.50.50.40,80,10.64.105.153,4003,1788,968144,2017-11-09,development3,4,1308,0,0,0
2017-11-09 15:26:31,2017-11-09 15:27:20,http,10.50.50.40,80,10.64.105.153,4010,1132,788683,2017-11-09,development3,4,1308,0,0,0
2017-11-09 15:27:08,2017-11-09 15:27:12,http,10.50.50.40,80,10.64.105.153,4026,20465,4381674,2017-11-09,development3,4,1308,0,0,0
2017-11-09 15:29:49,2017-11-09 15:29:59,tds,10.50.50.26,54238,10.64.105.153,2469,9689,240007037,2017-11-09,development3,4,1308,0,0,0
2017-11-09 15:29:49,2017-11-09 15:29:59,tds,10.50.50.26,54238,10.64.105.153,2469,686,6922,2017-11-09,development3,4,1308,0,0,0
2017-11-09 15:29:59,2017-11-09 15:30:09,tds,10.50.50.26,54238,10.64.105.153,2469,6419,90006861,2017-11-09,development3,4,1308,0,0,0
2017-11-09 15:30:25,2017-11-09 15:30:27,http,124.127.108.78,443,10.64.105.153,3522,5841,24387,2017-11-09,development3,4,1308,0,0,0
2017-11-09 15:30:26,2017-11-09 15:31:02,http,124.127.108.78,443,10.64.105.153,3525,1975,848866,2017-11-09,development3,4,1308,0,0,0
2017-11-09 15:31:11,2017-11-09 15:32:11,http,124.127.108.78,443,10.64.105.153,3600,3797,1767388,2017-11-09,development3,4,1308,0,0,0
2017-11-09 15:31:13,2017-11-09 15:32:07,http,124.127.108.78,443,10.64.105.153,3539,640,146848,2017-11-09,development3,4,1308,0,0,0
2017-11-09 15:32:56,2017-11-09 15:32:58,http,49.212.235.159,80,10.64.105.153,3447,4965,1133588,2017-11-09,development3,4,1308,0,0,0
2017-11-09 15:32:58,2017-11-09 15:33:55,http,124.127.108.78,443,10.64.105.153,3568,84367,147413,2017-11-09,development3,4,1308,0,0,0
2017-11-09 15:33:06,2017-11-09 15:33:44,http,49.212.235.159,80,10.64.105.153,3505,4060,4520,2017-11-09,development3,4,1308,0,0,0
2017-11-09 15:33:16,2017-11-09 15:34:03,http,49.212.235.159,80,10.64.105.153,3449,11154,682401,2017-11-09,development3,4,1308,0,0,0
2017-11-09 15:34:20,2017-11-09 15:34:46,http,124.127.108.78,443,10.64.105.153,3609,20468,577471,2017-11-09,development3,4,1308,0,0,0
2017-11-09 15:34:25,2017-11-09 15:35:08,http,124.127.108.78,443,10.64.105.153,3625,416,2867681,2017-11-09,development3,4,1308,0,0,0
2017-11-09 15:34:34,2017-11-09 15:35:07,http,49.212.235.159,80,10.64.105.153,3506,21889,6083429,2017-11-09,development3,4,1308,0,0,0
2017-11-09 15:34:43,2017-11-09 15:34:52,http,49.212.235.159,80,10.64.105.153,3474,17798,663340,2017-11-09,development3,4,1308,0,0,0
2017-11-09 15:35:30,2017-11-09 15:36:07,http,49.212.235.159,80,10.64.105.153,3487,12824,28592,2017-11-09,development3,4,1308,0,0,0
2017-11-09 15:35:42,2017-11-09 15:36:00,http,49.212.235.159,80,10.64.105.153,3508,58495,5985731,2017-11-09,development3,4,1308,0,0,0
2017-11-09 15:37:10,2017-11-09 15:38:00,http,124.127.108.78,443,10.64.105.153,3637,37506,10918,2017-11-09,development3,4,1308,0,0,0
2017-11-09 15:37:31,2017-11-09 15:38:18,http,10.5.71.60,443,10.64.105.153,2646,9969,2482169,2017-11-09,development3,4,1308,0,0,0
2017-11-09 15:37:46,2017-11-09 15:37:47,http,10.5.71.60,443,10.64.105.153,2703,211,308776,2017-11-09,development3,4,1308,0,0,0
2017-11-09 15:37:52,2017-11-09 15:37:57,http,10.5.71.60,443,10.64.105.153,2651,16012,828977,2017-11-09,development3,4,1308,0,0,0
2017-11-09 15:38:09,2017-11-09 15:38:58,http,10.5.71.60,443,10.64.105.153,2652,20999,1038707,2017-11-09,development3,4,1308,0,0,0
2017-11-09 15:38:59,2017-11-09 15:39:01,http,10.5.71.60,443,10.64.105.153,2696,56118,122502,2017-11-09,development3,4,1308,0,0,0
2017-11-09 15:39:27,2017-11-09 15:39:37,sftp,10.7.133.15,22,10.64.105.153,2469,6620,30008435,2017-11-09,development3,4,1308,0,0,0
2017-11-09 15:40:29,2017-11-09 15:40:51,http,10.5.71.60,443,10.64.105.153,2695,48665,1326031,2017-11-09,development3,4,1308,0,0,0
2017-11-09 15:40:39,2017-11-09 15:41:01,http,10.5.71.60,443,10.64.105.153,2728,11063,4200297,2017-11-09,development3,4,1308,0,0,0
2017-11-09 15:42:19,2017-11-09 15:42:57,http,75.126.78.226,80,10.64.105.153,3806,45438,9687475,2017-11-09,development3,4,1308,0,0,0
2017-11-09 15:42:40,2017-11-09 15:43:28,http,10.5.71.60,443,10.64.105.153,2714,32837,1570943,2017-11-09,development3,4,1308,0,0,0
2017-11-09 15:42:54,2017-11-09 15:43:22,http,75.126.78.226,80,10.64.105.153,3841,9325,4945958,2017-11-09,development3,4,1308,0,0,0
2017-11-09 15:43:07,2017-11-09 15:43:25,http,75.126.78.226,80,10.64.105.153,3816,882,2462359,2017-11-09,development3,4,1308,0,0,0
2017-11-09 15:43:12,2017-11-09 15:44:03,http,75.126.78.226,80,10.64.105.153,3836,3902,1306035,2017-11-09,development3,4,1308,0,0,0
2017-11-09 15:45:05,2017-11-09 15:45:29,http,75.126.78.226,80,10.64.105.153,3884,34384,483506,2017-11-09,development3,4,1308,0,0,0
2017-11-09 15:45:36,2017-11-09 15:46:29,http,75.126.78.226,80,10.64.105.153,3857,462,2213610,2017-11-09,development3,4,1308,0,0,0
2017-11-09 15:47:15,2017-11-09 15:47:43,http,75.126.78.226,80,10.64.105.153,3872,12,3137400,2017-11-09,development3,4,1308,0,0,0
2017-11-09 16:04:28,2017-11-09 16:04:38,mongodb,10.50.50.29,8005,10.64.105.153,2469,60007611,7624,2017-11-09,development3,4,1308,0,0,0
2017-11-09 16:04:48,2017-11-09 16:04:58,mongodb,10.50.50.29,8005,10.64.105.153,2469,3245,120004454,2017-11-09,development3,4,1308,0,0,0
2017-11-09 16:04:58,2017-11-09 16:05:08,mongodb,10.50.50.29,8005,10.64.105.153,2469,7349,90002691,2017-11-09,development3,4,1308,0,0,0
2017-11-09 16:19:36,2017-11-09 16:19:49,http,140.211.11.105,443,10.64.105.153,2978,11682,1221539,2017-11-09,development3,4,1308,0,0,0
2017-11-09 16:19:54,2017-11-09 16:20:03,http,140.211.11.105,443,10.64.105.153,2981,14878,520233,2017-11-09,development3,4,1308,0,0,0
2017-11-09 16:21:02,2017-11-09 16:21:26,http,10.50.50.27,443,10.64.105.153,3298,46285,3909099,2017-11-09,development3,4,1308,0,0,0
2017-11-09 16:21:42,2017-11-09 16:21:53,http,10.50.50.27,443,10.64.105.153,3300,6633,351156,2017-11-09,development3,4,1308,0,0,0
2017-11-09 16:22:21,2017-11-09 16:22:56,http,10.50.50.27,443,10.64.105.153,3327,1289,1169663,2017-11-09,development3,4,1308,0,0,0
2017-11-09 16:22:22,2017-11-09 16:22:23,http,10.50.50.27,443,10.64.105.153,3303,45705,634047,2017-11-09,development3,4,1308,0,0,0
2017-11-09 16:23:59,2017-11-09 16:24:09,mongodb,10.50.50.26,8005,10.64.105.153,2469,3418,4605,2017-11-09,development3,4,1308,0,0,0
2017-11-09 16:48:57,2017-11-09 16:49:29,http,140.211.11.105,443,10.64.105.153,2493,5568,8151,2017-11-09,development3,4,1308,0,0,0
2017-11-09 16:49:14,2017-11-09 16:49:32,http,140.211.11.105,443,10.64.105.153,2523,9477,903753,2017-11-09,development3,4,1308,0,0,0
2017-11-09 16:49:16,2017-11-09 16:49:44,http,140.211.11.105,443,10.64.105.153,2561,18010,1007898,2017-11-09,development3,4,1308,0,0,0
2017-11-09 16:49:29,2017-11-09 16:49:33,http,140.211.11.105,443,10.64.105.153,2512,48048,1703930,2017-11-09,development3,4,1308,0,0,0
2017-11-09 16:50:40,2017-11-09 16:50:48,http,140.211.11.105,443,10.64.105.153,2545,17256,1888874,2017-11-09,development3,4,1308,0,0,0
2017-11-09 16:50:54,2017-11-09 16:51:47,http,140.211.11.105,443,10.64.105.153,2518,6862,684068,2017-11-09,development3,4,1308,0,0,0
2017-11-09 16:51:06,2017-11-09 16:51:37,http,140.211.11.105,443,10.64.105.153,2601,10302,1202156,2017-11-09,development3,4,1308,0,0,0
2017-11-09 16:54:06,2017-11-09 16:54:16,tds,10.7.133.15,54238,10.64.105.153,2469,3341,4044,2017-11-09,development3,4,1308,0,0,0
2017-11-09 16:54:06,2017-11-09 16:54:16,tds,10.7.133.15,54238,10.64.105.153,2469,180009487,8514,2017-11-09,development3,4,1308,0,0,0
2017-11-09 16:54:16,2017-11-09 16:54:27,http,140.211.11.105,443,10.64.105.153,2566,89715,170564,2017-11-09,development3,4,1308,0,0,0
2017-11-09 16:54:16,2017-11-09 16:54:26,tds,10.7.133.15,54238,10.64.105.153,2469,240007699,4751,2017-11-09,development3,4,1308,0,0,0
2017-11-09 16:55:23,2017-11-09 16:55:49,http,140.211.11.105,443,10.64.105.153,2611,175,1105462,2017-11-09,development3,4,1308,0,0,0
2017-11-09 17:09:09,2017-11-09 17:09:22,http,10.50.50.27,443,10.64.105.153,3658,3244,207347,2017-11-09,development3,4,1308,0,0,0
2017-11-09 17:09:09,2017-11-09 17:10:08,http,10.50.50.27,443,10.64.105.153,3678,11629,985559,2017-11-09,development3,4,1308,0,0,0
2017-11-09 17:09:28,2017-11-09 17:09:59,http,10.50.50.27,443,10.64.105.153,3663,54710,5938230,2017-11-09,development3,4,1308,0,0,0
2017-11-09 17:09:51,2017-11-09 17:10:20,http,10.50.50.27,443,10.64.105.153,3705,248,1782021,2017-11-09,development3,4,1308,0,0,0
2017-11-09 17:11:20,2017-11-09 17:12:16,http,10.50.50.27,443,10.64.105.153,3682,18627,1206437,2017-11-09,development3,4,1308,0,0,0
2017-11-09 17:11:39,2017-11-09 17:12:17,http,10.50.50.27,443,10.64.105.153,3714,5905,1335986,2017-11-09,development3,4,1308,0,0,0
2017-11-09 17:13:41,2017-11-09 17:13:52,http,10.50.50.27,443,10.64.105.153,3716,999,3715544,2017-11-09,development3,4,1308,0,0,0
2017-11-09 17:14:15,2017-11-09 17:14:37,http,10.50.50.27,443,10.64.105.153,3750,16883,7812,2017-11-09,development3,4,1308,0,0,0
2017-11-09 17:17:34,2017-11-09 17:17:44,sftp,10.50.50.28,22,10.64.105.153,2469,3673,4252,2017-11-09,development3,4,1308,0,0,0
2017-11-09 17:22:12,2017-11-09 17:22:48,http,10.50.50.27,443,10.64.105.153,4064,23981,3006857,2017-11-09,development3,4,1308,0,0,0
2017-11-09 17:24:57,2017-11-09 17:25:07,postgresql,10.50.50.29,5432,10.64.105.153,2469,1035,5014,2017-11-09,development3,4,1308,0,0,0
2017-11-09 17:25:14,2017-11-09 17:25:25,http,140.211.11.105,443,10.64.105.153,3223,1636,1533677,2017-11-09,development3,4,1308,0,0,0
2017-11-09 17:25:40,2017-11-09 17:26:19,http,140.211.11.105,443,10.64.105.153,3249,154,797370,2017-11-09,development3,4,1308,0,0,0
2017-11-09 17:27:00,2017-11-09 17:27:43,http,140.211.11.105,443,10.64.105.153,3287,376,301638,2017-11-09,development3,4,1308,0,0,0
2017-11-09 17:30:16,2017-11-09 17:30:19,http,75.126.78.226,80,10.64.105.153,2926,561,13499,2017-11-09,development3,4,1308,0,0,0
2017-11-09 17:30:52,2017-11-09 17:31:36,http,75.126.78.226,80,10.64.105.153,2930,36262,1058374,2017-11-09,development3,4,1308,0,0,0
2017-11-09 17:32:06,2017-11-09 17:32:33,http,75.126.78.226,80,10.64.105.153,2940,12174,2534633,2017-11-09,development3,4,1308,0,0,0
2017-11-09 17:33:05,2017-11-09 17:33:05,http,75.126.78.226,80,10.64.105.153,2951,12255,4088715,2017-11-09,development3,4,1308,0,0,0
2017-11-09 17:42:44,2017-11-09 17:42:54,mongodb,10.7.133.15,8005,10.64.105.153,2469,329,2927,2017-11-09,development3,4,1308,0,0,0
2017-11-09 17:42:44,2017-11-09 17:42:54,mongodb,10.7.133.15,8005,10.64.105.153,2469,5094,60006261,2017-11-09,development3,4,1308,0,0,0
2017-11-09 17:42:54,2017-11-09 17:43:04,mongodb,10.7.133.15,8005,10.64.105.153,2469,6927,210008001,2017-11-09,development3,4,1308,0,0,0
2017-11-09 17:53:23,2017-11-09 17:54:08,http,10.50.50.40,80,10.64.105.153,4033,787,2353,2017-11-09,development3,4,1308,0,0,0
2017-11-09 17:53:37,2017-11-09 17:54:09,http,10.50.50.40,80,10.64.105.153,4036,2526,2252880,2017-11-09,development3,4,1308,0,0,0
2017-11-09 18:08:28,2017-11-09 18:08:38,postgresql,10.7.133.15,5432,10.64.105.153,2469,314,7711,2017-11-09,development3,4,1308,0,0,0
2017-11-09 18:08:38,2017-11-09 18:08:48,postgresql,10.7.133.15,5432,10.64.105.153,2469,1094,90006648,2017-11-09,development3,4,1308,0,0,0
2017-11-09 18:13:27,2017-11-09 18:13:37,tds,10.50.50.37,54238,10.64.105.153,2469,180001841,2843,2017-11-09,development3,4,1308,0,0,0
2017-11-09 18:13:27,2017-11-09 18:13:37,tds,10.50.50.37,54238,10.64.105.153,2469,908,2438,2017-11-09,development3,4,1308,0,0,0
2017-11-09 18:27:11,2017-11-09 18:27:28,http,10.5.71.60,443,10.64.105.153,3772,10388,159708,2017-11-09,development3,4,1308,0,0,0
2017-11-09 18:27:42,2017-11-09 18:28:39,http,10.5.71.60,443,10.64.105.153,3781,3077,731555,2017-11-09,development3,4,1308,0,0,0
2017-11-09 18:27:59,2017-11-09 18:28:40,http,10.5.71.60,443,10.64.105.153,3777,21521,5017480,2017-11-09,development3,4,1308,0,0,0
2017-11-09 18:28:34,2017-11-09 18:29:20,http,10.5.71.60,443,10.64.105.153,3793,4821,1814139,2017-11-09,development3,4,1308,0,0,0
2017-11-09 18:29:49,2017-11-09 18:30:15,http,10.5.71.60,443,10.64.105.153,3783,16321,1609458,2017-11-09,development3,4,1308,0,0,0
2017-11-09 18:37:20,2017-11-09 18:38:20,http,124.127.108.78,443,10.64.105.153,2774,52,57222,2017-11-09,development3,4,1308,0,0,0
2017-11-09 18:37:56,2017-11-09 18:38:46,http,124.127.108.78,443,10.64.105.153,2810,70609,432557,2017-11-09,development3,4,1308,0,0,0
2017-11-09 18:38:09,2017-11-09 18:38:23,http,124.127.108.78,443,10.64.105.153,2780,22056,86309,2017-11-09,development3,4,1308,0,0,0
2017-11-09 18:38:40,2017-11-09 18:39:10,http,124.127.108.78,443,10.64.105.153,2834,7024,592052,2017-11-09,development3,4,1308,0,0,0
2017-11-09 18:38:40,2017-11-09 18:39:39,http,124.127.108.78,443,10.64.105.153,2801,74226,1258644,2017-11-09,development3,4,1308,0,0,0
2017-11-09 18:38:42,2017-11-09 18:39:21,http,203.188.200.67,443,10.64.105.153,4075,10724,1462807,2017-11-09,development3,4,1308,0,0,0
2017-11-09 18:39:03,2017-11-09 18:39:11,http,203.188.200.67,443,10.64.105.153,4084,10319,851652,2017-11-09,development3,4,1308,0,0,0
2017-11-09 18:39:17,2017-11-09 18:39:21,http,124.127.108.78,443,10.64.105.153,2817,28474,3740445,2017-11-09,development3,4,1308,0,0,0
2017-11-09 18:39:19,2017-11-09 18:40:10,http,203.188.200.67,443,10.64.105.153,4077,5688,17126,2017-11-09,development3,4,1308,0,0,0
2017-11-09 18:39:23,2017-11-09 18:40:09,http,203.188.200.67,443,10.64.105.153,4123,8124,928,2017-11-09,development3,4,1308,0,0,0
2017-11-09 18:39:43,2017-11-09 18:40:29,http,203.188.200.67,443,10.64.105.153,4080,11238,2091877,2017-11-09,development3,4,1308,0,0,0
2017-11-09 18:40:44,2017-11-09 18:41:10,http,124.127.108.78,443,10.64.105.153,2823,7251,3044780,2017-11-09,development3,4,1308,0,0,0
2017-11-09 18:41:13,2017-11-09 18:42:07,http,203.188.200.67,443,10.64.105.153,4082,1,4919,2017-11-09,development3,4,1308,0,0,0
2017-11-09 18:41:59,2017-11-09 18:42:28,http,203.188.200.67,443,10.64.105.153,4119,2319,364800,2017-11-09,development3,4,1308,0,0,0
2017-11-09 18:42:10,2017-11-09 18:42:19,http,203.188.200.67,443,10.64.105.153,4111,40996,2665718,2017-11-09,development3,4,1308,0,0,0
2017-11-09 18:44:17,2017-11-09 18:45:06,http,203.188.200.67,443,10.64.105.153,4120,106,3751314,2017-11-09,development3,4,1308,0,0,0
